1 11 30 21 9 25 12 28 -1
2 25 13 14 18 15 -1
3 29 30 12 1 27 7 9 26 -1
4 10 6 12 13 27 8 17 18 -1
5 15 24 6 3 10 21 -1
6 27 22 28 16 2 -1
7 22 30 15 17 5 27 -1
8 30 9 12 24 10 8 22 -1
9 29 27 25 21 4 1 7 2 -1
10 27 14 8 19 7 -1
11 5 15 24 21 1 22 -1
12 16 13 21 5 2 11 -1
13 12 14 25 11 17 21 -1
14 6 22 29 26 28 21 -1
15 2 30 27 7 24 16 3 1 -1
16 30 7 17 1 25 21 -1
17 28 22 21 9 -1
18 29 14 13 12 9 25 -1
19 8 20 7 1 24 2 -1
20 9 29 2 22 7 19 13 15 -1
21 15 6 29 28 26 20 16 -1
22 2 30 20 3 28 -1
23 7 25 3 11 12 21 10 19 -1
24 12 30 27 24 6 23 26 -1
25 28 8 17 11 10 -1
26 4 23 -1
-1
8 25 0
16 6 0
24 25 22
-1
