1 122 86 58 143 120 89 -1
2 19 154 185 199 198 193 84 123 143 -1
3 137 183 70 171 116 67 -1
4 141 176 135 65 157 168 199 88 33 -1
5 1 32 136 88 38 164 121 120 -1
6 11 10 48 127 108 167 131 17 -1
7 131 143 101 51 7 161 199 -1
8 119 84 87 6 159 91 47 132 177 -1
9 114 45 133 151 109 58 71 -1
10 21 194 187 151 69 98 30 92 170 -1
11 103 186 2 119 25 30 -1
12 135 161 76 79 112 15 165 -1
13 188 161 178 1 41 12 -1
14 106 104 85 72 134 65 -1
15 134 12 38 61 148 29 100 -1
16 34 50 76 119 125 164 -1
17 165 16 4 14 120 101 175 77 29 -1
18 8 117 149 192 11 197 49 15 -1
19 76 189 73 63 84 147 -1
20 145 55 200 88 54 157 173 85 121 -1
21 65 112 159 19 93 108 23 29 74 -1
22 71 10 135 95 136 108 163 138 96 -1
23 182 72 189 105 179 39 145 45 157 -1
24 38 147 163 92 170 171 56 -1
25 19 153 126 98 65 189 122 31 -1
26 126 137 181 71 184 192 113 200 29 -1
27 158 110 22 96 164 139 -1
28 77 103 165 185 130 2 69 169 143 -1
29 177 69 105 185 2 134 -1
30 164 100 180 6 74 110 -1
31 26 192 23 166 196 197 55 193 -1
32 70 160 195 58 118 129 -1
33 73 92 88 165 57 95 158 189 30 -1
34 22 39 194 21 90 106 -1
35 135 180 68 121 151 114 7 19 -1
36 58 106 177 130 49 117 120 39 -1
37 166 133 171 173 86 18 129 127 -1
38 45 63 95 2 139 105 -1
39 199 8 178 50 172 144 96 118 84 -1
40 8 59 2 1 138 108 198 117 103 -1
41 7 139 149 158 60 75 89 124 138 -1
42 44 19 89 37 190 11 9 92 -1
43 6 185 102 71 191 12 -1
44 200 16 68 185 149 169 97 77 13 -1
45 88 40 121 104 152 57 -1
46 114 28 150 116 199 47 -1
47 167 47 49 55 176 78 -1
48 99 100 121 175 160 141 23 135 199 -1
49 19 117 85 45 24 137 16 -1
50 16 138 34 195 78 158 117 118 -1
51 52 44 46 86 70 195 53 -1
52 150 166 172 56 3 75 184 -1
53 145 90 100 199 52 101 49 -1
54 166 180 98 16 11 33 94 14 -1
55 123 2 23 89 143 166 31 -1
56 80 158 48 77 153 92 -1
57 170 115 194 133 29 57 120 156 -1
58 88 104 126 142 138 157 -1
59 153 34 177 88 17 48 149 176 -1
60 84 169 133 151 134 183 32 101 -1
61 194 155 133 183 72 118 62 -1
62 28 133 119 135 76 112 194 79 -1
63 194 126 15 54 189 70 -1
64 32 185 2 110 198 107 -1
65 49 185 95 187 69 71 149 48 -1
66 117 182 138 187 184 111 45 70 164 -1
67 156 16 104 12 27 13 48 72 -1
68 64 10 173 80 167 196 22 36 95 -1
69 109 187 186 165 193 27 84 -1
70 190 46 38 20 98 1 92 11 -1
71 135 82 167 158 40 196 -1
72 134 133 75 114 151 152 81 5 -1
73 20 187 131 70 105 74 174 148 -1
74 1 105 32 175 92 114 70 -1
75 156 40 183 149 39 4 -1
76 87 34 178 18 5 155 146 -1
77 17 29 70 167 180 89 123 186 -1
78 183 106 152 122 170 24 188 -1
79 114 108 19 3 29 129 195 64 117 -1
80 139 188 108 65 37 105 109 -1
81 81 154 136 134 155 66 87 -1
82 165 161 97 122 113 74 64 -1
83 88 1 15 10 167 151 53 7 -1
84 83 193 45 62 129 72 122 21 -1
85 3 124 121 137 4 17 -1
86 186 102 117 14 90 181 131 -1
87 180 76 56 40 94 117 38 47 15 -1
88 194 66 1 110 61 200 6 107 -1
89 41 131 29 143 137 101 189 -1
90 105 21 180 192 185 120 134 60 -1
91 167 195 60 168 85 -1
92 197 54 130 83 177 51 191 40 -1
93 11 85 14 108 93 22 -1
94 171 66 123 14 134 124 57 117 179 -1
95 100 50 198 150 152 68 145 99 -1
96 111 44 101 171 70 152 73 62 -1
97 18 43 86 51 125 46 59 142 49 -1
98 174 90 188 84 51 47 104 142 -1
99 56 102 79 13 32 144 143 28 -1
100 185 190 161 34 47 180 -1
101 9 25 26 36 43 67 82 91 115 132 146 -1
-1
8 0 2
16 12 25
24 0 22
32 0 25
40 14 25
48 24 25
56 0 13
64 9 0
72 25 4
80 2 25
88 12 25
96 0 21
-1
