1 13 338 315 302 197 270 485 327 -1
2 405 334 345 256 127 91 261 -1
3 474 166 45 217 17 290 415 460 83 -1
4 13 219 153 7 191 223 500 -1
5 206 15 257 83 28 208 356 276 419 -1
6 130 160 224 250 172 488 338 140 -1
7 97 244 234 290 312 259 50 23 374 -1
8 490 358 32 174 70 337 187 288 228 336 -1
9 207 493 155 443 457 274 132 -1
10 261 120 358 484 57 211 72 -1
11 269 48 17 34 45 132 379 -1
12 443 380 234 208 301 122 54 201 -1
13 125 308 228 396 68 138 241 277 -1
14 401 224 162 51 79 227 -1
15 84 138 458 218 67 51 415 312 12 439 -1
16 375 53 242 467 335 97 410 447 430 219 184 -1
17 335 47 355 325 349 458 244 -1
18 153 191 440 159 32 161 375 14 124 418 -1
19 374 11 55 165 41 287 315 235 -1
20 309 263 129 164 102 84 220 38 458 150 -1
21 188 146 426 159 424 234 -1
22 163 76 401 316 114 29 -1
23 69 422 491 45 238 305 403 -1
24 172 350 375 466 173 145 -1
25 49 337 219 167 136 377 55 13 -1
26 284 431 191 471 174 289 -1
27 231 381 286 83 393 311 407 413 -1
28 435 493 336 414 119 269 266 179 222 150 -1
29 76 276 307 299 313 322 415 118 -1
30 110 249 255 408 71 295 401 124 -1
31 72 412 389 173 346 12 386 98 11 -1
32 148 124 234 10 364 135 33 269 326 240 -1
33 15 295 62 232 21 106 -1
34 99 457 132 369 209 202 390 94 70 -1
35 187 445 13 442 304 47 479 2 149 49 77 -1
36 41 266 274 481 346 39 -1
37 377 27 190 366 166 494 372 224 -1
38 365 482 228 72 319 199 495 290 411 -1
39 454 196 267 283 101 108 223 277 357 -1
40 9 71 356 135 399 382 -1
41 337 222 433 121 139 116 -1
42 405 226 20 456 235 429 412 197 393 406 -1
43 151 429 411 380 32 174 -1
44 278 91 334 176 139 412 387 280 351 -1
45 338 241 463 305 165 70 72 231 -1
46 362 18 251 221 82 192 143 37 379 151 72 -1
47 185 304 55 189 368 75 45 427 410 264 -1
48 281 423 234 76 273 313 330 37 293 -1
49 446 388 385 130 426 447 444 38 234 -1
50 28 18 433 50 392 175 2 -1
51 489 351 36 303 386 122 436 346 353 264 72 -1
52 349 123 130 421 443 344 340 -1
53 255 225 99 212 498 122 181 167 -1
54 232 362 451 255 265 32 138 454 95 328 -1
55 214 141 422 420 4 224 159 -1
56 130 204 201 14 105 421 -1
57 258 46 475 415 369 229 122 264 -1
58 77 172 13 306 18 408 -1
59 121 422 94 44 315 281 203 192 186 -1
60 61 77 249 468 244 386 179 217 474 -1
61 492 104 109 140 8 11 -1
62 477 451 389 11 242 3 210 95 395 409 -1
63 245 164 9 223 192 64 429 -1
64 201 425 48 495 469 475 53 77 318 234 -1
65 204 451 261 209 389 66 26 -1
66 435 24 159 23 266 137 488 53 349 373 -1
67 344 304 298 151 295 177 6 187 -1
68 208 426 411 268 57 404 60 316 204 -1
69 249 194 195 150 302 486 314 5 61 -1
70 243 57 128 388 229 178 412 251 158 414 477 -1
71 324 245 447 466 34 328 338 453 83 87 -1
72 201 110 202 482 312 71 283 14 469 131 -1
73 361 7 199 462 146 392 358 -1
74 75 156 451 473 330 172 23 445 407 -1
75 398 128 60 70 7 196 -1
76 343 268 398 433 373 125 434 214 -1
77 232 78 130 330 169 469 -1
78 67 330 248 37 176 261 60 15 -1
79 125 139 100 237 86 152 333 322 194 -1
80 210 206 300 373 283 194 51 257 150 410 170 -1
81 5 226 362 267 397 414 -1
82 88 154 336 102 275 345 -1
83 113 407 15 406 346 182 289 162 397 322 51 -1
84 438 234 333 342 335 318 224 369 151 11 166 -1
85 185 490 194 111 225 309 23 164 148 130 14 -1
86 362 74 468 234 181 447 246 47 309 155 -1
87 410 175 253 477 276 111 -1
88 468 421 318 108 33 90 470 41 268 290 -1
89 432 293 300 369 286 52 264 -1
90 402 349 147 259 285 25 367 377 -1
91 382 78 106 332 229 490 262 -1
92 16 298 21 122 217 56 -1
93 305 64 112 481 82 127 119 11 -1
94 484 434 335 272 148 286 190 75 -1
95 172 379 167 349 70 78 -1
96 367 419 246 74 397 227 200 155 386 -1
97 208 351 191 260 141 325 459 404 -1
98 225 12 101 325 407 455 485 5 66 -1
99 44 37 311 392 29 258 231 171 230 415 -1
100 102 244 28 354 392 440 182 406 -1
101 388 432 343 144 100 95 348 372 -1
102 134 270 287 255 434 244 202 248 334 369 -1
103 336 293 274 350 414 360 470 137 291 108 240 -1
104 140 286 351 458 115 64 15 23 204 -1
105 274 94 1 455 67 199 418 267 -1
106 170 99 427 411 466 197 183 -1
107 40 81 379 25 204 6 494 408 157 -1
108 348 310 467 299 400 228 292 371 4 82 74 -1
109 441 319 287 57 3 128 481 154 61 324 117 -1
110 455 392 328 122 336 69 249 -1
111 253 392 168 141 499 257 113 289 258 118 364 -1
112 323 446 72 96 12 165 406 484 355 395 -1
113 174 175 166 350 118 394 -1
114 187 214 202 257 60 15 198 451 -1
115 60 435 349 115 111 348 218 471 -1
116 334 365 92 361 349 309 199 222 52 26 -1
117 423 390 120 339 110 160 237 104 170 343 -1
118 206 231 78 250 280 56 391 13 -1
119 268 438 492 96 198 119 500 314 -1
120 399 54 392 474 273 39 499 -1
121 405 288 19 315 106 276 35 89 488 253 -1
122 229 218 257 359 157 172 296 45 266 52 420 -1
123 170 41 79 254 243 269 44 -1
124 400 445 317 124 118 272 447 -1
125 343 255 49 415 139 248 -1
126 45 328 76 138 216 14 81 80 -1
127 64 338 43 407 432 101 448 345 307 128 93 -1
128 418 20 53 275 416 496 97 -1
129 150 438 390 113 395 332 100 471 -1
130 88 339 207 142 215 464 312 278 418 338 357 -1
131 363 253 259 311 318 136 387 210 53 12 495 -1
132 128 272 433 247 500 109 457 481 -1
133 62 397 230 335 237 433 79 -1
134 211 281 241 350 496 177 330 244 -1
135 102 98 230 216 188 220 318 -1
136 16 109 436 250 49 383 272 319 -1
137 413 339 18 497 154 362 392 36 3 91 436 -1
138 433 328 216 185 339 27 155 18 455 -1
139 410 436 441 202 227 25 378 -1
140 285 224 168 380 336 299 498 -1
141 198 146 443 500 239 25 237 155 -1
142 194 12 277 360 351 494 450 310 -1
143 409 193 241 238 324 264 72 212 154 191 -1
144 323 345 484 115 260 351 371 -1
145 247 224 480 9 249 209 467 105 434 -1
146 117 86 292 188 254 23 -1
147 314 70 251 230 386 452 -1
148 410 412 459 212 144 448 445 200 -1
149 200 101 205 84 256 459 406 306 121 57 174 -1
150 355 15 274 161 92 331 317 107 -1
151 194 271 241 68 395 72 -1
152 398 333 185 306 224 241 394 114 193 388 -1
153 155 278 452 63 203 93 211 -1
154 430 75 175 338 478 236 495 36 374 -1
155 79 466 10 289 42 452 154 285 -1
156 384 289 281 468 423 349 119 104 -1
157 284 494 229 335 355 238 293 51 493 249 212 -1
158 86 341 192 29 459 307 354 443 -1
159 464 457 125 468 265 471 270 -1
160 374 98 460 227 182 130 82 56 108 316 -1
161 173 396 16 260 271 382 104 -1
162 319 372 313 439 176 325 186 430 -1
163 164 119 364 124 269 32 -1
164 279 16 406 408 138 127 77 458 163 359 -1
165 256 150 162 357 121 433 474 55 180 76 297 -1
166 258 225 325 138 97 192 -1
167 77 449 299 126 213 268 328 117 5 435 141 -1
168 312 77 31 136 108 380 399 473 254 272 500 -1
169 47 314 277 494 235 384 417 148 109 -1
170 475 30 328 304 101 110 405 432 122 -1
171 16 91 380 313 262 142 300 90 -1
172 122 55 333 470 212 208 156 237 86 433 -1
173 156 85 373 79 88 146 -1
174 292 377 274 419 266 321 -1
175 447 386 50 112 392 367 257 161 -1
176 341 76 451 412 391 149 280 70 268 -1
177 285 81 480 64 118 233 306 108 497 436 -1
178 121 201 292 314 469 6 -1
179 498 100 119 17 440 456 469 1 370 -1
180 161 480 139 248 187 153 199 -1
181 322 164 314 194 481 74 93 -1
182 314 440 225 63 419 79 170 -1
183 77 380 198 439 196 147 339 60 25 358 479 -1
184 341 168 188 316 163 24 56 264 -1
185 277 23 399 463 369 215 -1
186 425 152 352 166 82 320 273 -1
187 224 266 330 134 389 12 296 226 163 -1
188 329 233 143 77 194 64 -1
189 233 396 454 181 73 342 -1
190 385 255 469 361 26 388 370 -1
191 353 491 182 133 487 257 441 99 233 417 105 -1
192 28 296 225 473 426 255 180 386 15 260 357 -1
193 472 269 464 332 301 65 473 401 426 -1
194 174 342 90 420 398 409 419 74 248 102 -1
195 294 260 44 217 198 434 -1
196 244 273 224 19 399 169 64 160 223 272 -1
197 156 483 480 337 129 220 444 -1
198 63 299 350 19 422 470 46 380 265 30 -1
199 299 401 442 329 40 341 -1
200 398 432 77 367 106 182 443 100 -1
201 142 296 48 397 117 412 393 486 152 433 -1
202 127 180 250 285 203 107 352 108 -1
203 384 330 341 228 220 35 375 -1
204 485 57 17 250 337 460 179 -1
205 445 105 296 11 91 255 378 385 235 -1
206 163 56 80 184 74 61 104 364 355 -1
207 111 183 208 262 156 386 -1
208 338 109 333 19 214 45 212 90 229 -1
209 265 395 115 101 28 465 374 145 221 245 25 -1
210 295 148 3 426 116 194 237 55 489 287 272 -1
211 285 122 213 322 323 250 201 17 490 144 289 -1
212 36 447 2 394 58 86 455 1 -1
213 389 443 10 132 149 165 38 -1
214 452 125 169 78 165 346 388 466 339 -1
215 278 299 406 436 107 169 346 -1
216 310 442 173 140 352 428 -1
217 249 412 245 390 18 209 36 -1
218 372 146 41 102 124 423 396 329 168 130 214 -1
219 200 480 401 61 384 100 218 -1
220 237 449 392 210 162 348 65 312 329 426 3 -1
221 134 398 47 3 321 31 -1
222 5 138 355 280 116 130 493 263 -1
223 498 471 38 225 22 149 -1
224 278 280 155 224 279 223 -1
225 443 449 308 429 209 38 484 26 156 224 -1
226 197 181 202 61 12 50 440 445 107 102 -1
227 107 383 79 484 32 285 261 -1
228 103 8 158 414 22 339 415 87 251 394 284 -1
229 50 141 462 88 184 467 -1
230 268 408 197 73 200 416 245 334 168 426 -1
231 241 497 164 89 150 333 433 100 -1
232 417 35 338 329 378 232 178 110 -1
233 55 111 115 475 271 281 417 -1
234 147 311 452 232 335 233 371 498 463 488 -1
235 115 122 270 47 184 343 -1
236 310 135 481 324 256 122 294 -1
237 140 38 404 138 409 351 3 400 412 157 72 -1
238 338 40 308 84 400 492 341 384 -1
239 10 468 244 255 411 55 126 224 445 -1
240 6 490 194 422 494 79 227 412 -1
241 110 364 482 75 144 493 -1
242 258 137 475 342 280 24 381 307 -1
243 245 171 392 418 206 2 207 376 346 458 -1
244 281 316 454 4 48 407 182 -1
245 69 173 176 157 152 3 233 67 103 42 -1
246 60 8 47 452 478 63 286 -1
247 390 8 377 174 147 201 -1
248 101 94 421 393 170 254 450 243 17 423 -1
249 176 130 420 247 100 138 53 294 64 77 379 -1
250 87 367 186 258 447 358 223 345 218 16 410 -1
251 103 40 384 439 399 467 237 469 -1
252 192 397 468 460 386 437 105 375 -1
253 179 471 268 258 157 298 459 -1
254 235 131 387 195 323 315 -1
255 436 164 143 191 426 483 173 380 222 302 442 -1
256 452 18 346 104 244 71 262 139 211 -1
257 186 95 155 369 281 63 98 -1
258 127 40 315 326 382 180 429 223 105 305 -1
259 314 494 421 364 460 177 366 20 414 -1
260 432 87 328 197 333 489 117 -1
261 164 77 225 373 183 450 121 444 -1
262 291 242 147 216 149 261 95 159 115 93 -1
263 393 148 450 412 9 150 -1
264 41 334 192 412 312 268 16 -1
265 260 432 297 283 313 311 189 154 99 -1
266 65 43 83 39 236 111 143 -1
267 351 282 272 467 466 363 254 -1
268 325 40 75 382 230 147 126 35 181 175 -1
269 239 61 200 232 352 465 75 -1
270 346 308 272 487 103 484 416 247 460 -1
271 128 121 46 238 193 56 178 383 -1
272 188 337 117 287 499 498 472 484 -1
273 242 349 491 252 106 261 250 477 432 266 -1
274 2 340 209 132 40 129 492 -1
275 273 331 222 211 364 209 5 203 154 170 -1
276 345 73 205 351 211 488 404 310 286 -1
277 451 422 49 376 367 184 364 -1
278 297 98 264 266 324 293 126 99 -1
279 216 41 175 119 42 436 138 18 409 321 -1
280 217 68 24 387 314 271 301 390 -1
281 387 469 421 18 114 109 346 -1
282 59 130 6 106 70 102 147 425 250 383 386 -1
283 79 197 410 343 407 285 -1
284 36 154 130 355 397 226 475 -1
285 125 145 79 24 166 383 329 471 159 -1
286 315 286 234 494 113 119 27 358 -1
287 147 376 459 120 97 336 427 183 392 458 343 -1
288 202 358 43 78 175 497 171 195 315 229 -1
289 1 453 60 346 129 290 74 354 422 231 -1
290 125 294 402 374 331 181 455 473 417 -1
291 145 230 451 423 26 255 432 54 237 295 424 -1
292 423 410 256 180 499 17 406 408 58 -1
293 467 361 139 337 187 492 97 34 175 -1
294 160 120 98 400 464 22 124 447 184 346 384 -1
295 223 350 250 227 374 191 259 -1
296 281 182 423 23 394 192 21 227 -1
297 143 92 118 60 472 460 -1
298 250 380 321 409 104 462 212 285 -1
299 467 488 72 227 268 353 21 303 -1
300 466 450 432 196 237 406 26 70 161 -1
301 396 34 492 405 443 178 -1
302 70 470 3 99 4 206 12 -1
303 310 248 257 132 5 4 458 394 -1
304 26 72 153 469 339 457 62 284 400 23 76 -1
305 292 428 10 268 334 274 125 480 306 41 -1
306 456 297 340 277 436 58 -1
307 82 358 457 22 366 271 304 228 -1
308 41 17 358 418 54 173 117 52 411 -1
309 470 185 11 9 206 419 6 379 -1
310 444 252 495 350 173 160 -1
311 466 177 311 175 479 173 275 90 256 22 294 -1
312 312 239 119 355 133 223 338 375 466 270 -1
313 50 419 193 312 274 279 396 196 210 -1
314 408 48 205 77 434 29 -1
315 192 228 375 399 390 126 -1
316 273 113 399 456 36 274 89 409 472 99 -1
317 346 43 290 343 211 279 192 -1
318 495 33 37 482 63 109 251 456 -1
319 276 229 494 67 176 332 495 244 50 193 -1
320 13 103 456 285 189 326 284 301 -1
321 416 439 89 233 387 424 331 131 128 371 -1
322 84 267 142 301 429 356 432 51 31 -1
323 200 277 280 470 166 220 174 388 -1
324 42 230 161 474 5 404 104 -1
325 99 408 38 53 293 438 332 418 16 -1
326 416 169 486 395 243 91 318 240 301 -1
327 187 43 191 231 35 467 322 -1
328 175 318 365 431 72 333 353 307 -1
329 137 381 477 398 421 444 399 230 273 6 -1
330 4 398 370 490 10 272 -1
331 260 312 274 105 57 82 421 169 -1
332 106 383 386 292 68 248 -1
333 330 142 31 184 497 177 381 159 196 438 487 -1
334 316 485 307 467 408 219 354 134 333 313 232 -1
335 275 232 354 194 158 309 220 -1
336 28 38 246 229 284 233 -1
337 217 40 341 492 167 281 454 238 136 297 43 -1
338 282 217 1 314 283 205 393 -1
339 341 220 195 453 346 392 319 490 497 100 2 -1
340 252 40 144 168 321 83 180 18 325 49 386 -1
341 198 105 342 398 171 256 32 259 73 125 357 -1
342 458 239 193 220 460 -1
343 369 365 287 311 382 6 201 73 159 35 350 -1
344 492 157 243 77 371 25 278 474 350 333 -1
345 66 149 338 124 179 146 407 83 375 411 292 -1
346 242 148 179 416 208 223 127 -1
347 241 470 357 389 58 56 429 227 -1
348 269 13 235 21 256 160 114 12 39 367 -1
349 224 392 250 194 206 195 132 302 171 55 -1
350 285 171 42 344 109 212 175 130 457 396 438 -1
351 238 207 5 422 443 138 -1
352 290 5 125 30 36 18 -1
353 177 182 278 494 337 134 19 -1
354 310 392 154 49 235 137 256 228 171 -1
355 245 376 329 71 390 382 264 281 -1
356 83 205 185 308 320 220 196 133 245 395 397 -1
357 194 188 264 106 396 453 490 331 -1
358 109 357 469 315 126 347 224 197 397 423 -1
359 199 392 415 32 62 61 183 287 -1
360 493 6 452 227 128 125 -1
361 98 8 458 492 57 371 -1
362 109 139 20 127 445 438 343 -1
363 443 448 25 129 171 19 -1
364 26 145 380 252 221 327 498 338 -1
365 445 331 402 272 35 162 461 39 -1
366 494 499 276 449 23 316 359 312 41 217 -1
367 430 61 1 467 150 319 31 -1
368 17 363 414 202 68 214 69 -1
369 382 101 248 366 70 147 325 178 217 -1
370 354 302 497 357 397 474 -1
371 199 98 500 90 374 492 135 201 414 343 94 -1
372 470 59 383 174 8 27 -1
373 199 305 37 114 331 189 -1
374 368 11 30 366 497 429 476 458 460 123 -1
375 44 98 380 300 76 185 5 403 -1
376 345 312 402 474 10 84 272 425 -1
377 20 384 219 470 321 346 495 260 79 -1
378 117 277 317 465 480 129 58 105 395 -1
379 413 329 169 78 83 470 122 -1
380 115 431 151 365 491 4 -1
381 359 370 91 320 174 371 -1
382 34 355 347 56 460 55 89 232 432 254 -1
383 411 369 341 213 237 331 481 491 475 266 -1
384 342 158 293 305 178 257 85 -1
385 450 315 254 430 350 142 102 419 -1
386 434 66 307 71 46 199 284 176 -1
387 200 138 257 8 445 304 284 268 -1
388 194 302 424 89 35 411 278 146 154 193 23 -1
389 388 21 243 483 221 345 58 82 206 7 226 -1
390 276 361 255 219 371 432 168 77 -1
391 375 80 68 334 207 340 477 159 394 -1
392 498 294 138 56 111 309 272 -1
393 239 264 360 273 230 111 1 154 443 400 -1
394 178 447 5 116 392 210 431 415 58 352 456 -1
395 195 58 308 115 207 148 382 468 367 377 -1
396 12 442 194 8 55 247 -1
397 477 14 48 391 267 257 297 283 221 329 228 -1
398 355 195 409 247 194 139 332 229 -1
399 201 497 73 20 271 443 -1
400 6 301 226 104 102 452 490 44 29 177 -1
401 204 56 5 411 147 439 416 369 22 114 362 -1
402 141 229 19 277 43 345 245 254 201 110 415 -1
403 492 412 43 362 428 394 38 -1
404 24 157 497 11 264 486 458 161 215 456 -1
405 64 57 263 39 419 132 123 170 -1
406 224 402 165 189 245 104 81 129 -1
407 465 215 265 130 290 107 -1
408 279 163 223 110 294 42 390 112 254 189 -1
409 84 34 384 194 66 420 445 245 188 50 -1
410 412 183 214 229 456 304 7 173 336 118 -1
411 156 316 260 460 181 123 279 424 122 -1
412 431 451 224 47 14 80 326 424 68 64 209 -1
413 354 264 218 389 69 278 429 457 -1
414 196 249 220 130 157 280 52 33 462 389 78 -1
415 262 482 124 246 252 227 411 328 159 -1
416 138 217 60 437 200 313 248 255 467 -1
417 247 385 123 60 406 163 329 457 355 324 -1
418 355 455 21 228 216 125 451 226 384 -1
419 134 77 79 176 479 323 50 195 -1
420 355 73 110 387 445 340 141 197 148 -1
421 114 12 4 211 440 454 175 89 -1
422 344 346 475 108 110 392 379 495 -1
423 373 448 129 351 76 83 -1
424 398 431 40 154 260 300 248 368 -1
425 111 133 238 154 46 405 368 124 231 -1
426 77 235 268 308 324 133 423 159 254 42 -1
427 70 227 392 224 71 424 91 -1
428 179 156 110 3 314 155 277 237 123 -1
429 388 209 217 137 355 68 -1
430 236 481 262 406 301 152 149 -1
431 268 103 115 281 338 497 -1
432 380 254 457 423 159 26 188 456 57 316 172 -1
433 393 226 461 44 387 322 266 275 348 376 -1
434 487 34 426 68 132 322 18 457 464 382 -1
435 333 487 387 450 241 349 -1
436 429 77 41 169 403 10 -1
437 106 40 27 498 213 382 318 -1
438 325 270 398 68 438 285 59 44 -1
439 191 88 2 66 271 230 340 162 -1
440 260 165 63 33 24 46 424 492 175 422 309 -1
441 499 368 90 201 44 151 93 -1
442 377 480 486 22 103 400 65 -1
443 192 68 120 334 50 108 372 463 366 -1
444 381 460 446 54 110 448 -1
445 468 344 147 243 162 50 187 102 178 323 -1
446 103 148 305 266 61 301 209 197 331 -1
447 295 2 344 309 305 374 255 44 -1
448 298 409 450 245 417 63 -1
449 339 305 266 236 270 80 69 403 258 -1
450 342 174 105 148 147 199 36 112 345 -1
451 476 -1
-1
8 25 15
16 25 12
24 0 7
32 9 25
40 0 4
48 4 25
56 25 0
64 25 8
72 25 3
80 25 21
88 7 0
96 14 25
104 15 25
112 17 25
120 12 0
128 25 15
136 12 25
144 15 25
152 12 25
160 16 25
168 18 0
176 0 8
184 0 5
192 5 25
200 8 25
208 24 25
216 18 25
224 16 0
232 20 25
240 0 1
248 25 22
256 0 7
264 0 9
272 0 0
280 0 16
288 0 11
296 0 19
304 25 15
312 0 3
320 11 25
328 19 0
336 16 0
344 20 0
352 0 16
360 0 14
368 20 0
376 10 25
384 12 25
392 13 0
400 0 15
408 14 25
416 0 4
424 20 0
432 24 25
440 25 13
448 10 25
-1
